53000 3469 12238 1 53000
11000 2091 5896 1 11000
11000 3637 8152 1 11000
58000 13160 34863 1 58000
16000 111 438 1 16000
45000 43664 44887 1 45000
64000 401 1584 1 64000
10000 113 442 1 10000
64000 690 2702 1 64000
88000 1243 4836 1 88000
14000 2958 0 0 14000
81000 19605 0 0 81000
99000 27216 0 0 99000
34000 5243 0 0 34000
94000 42270 0 0 94000
14000 737 0 0 14000
35000 3542 0 0 35000
12000 4936 0 0 12000
27000 4526 0 0 27000
25000 2549 0 0 25000
---0
19000 7477 15240 1 19000
14000 1010 3518 1 14000
30000 1342 4923 1 30000
87000 85512 86877 1 87000
77000 8159 26705 1 77000
34000 1706 6194 1 34000
37000 12124 27302 1 37000
17000 2030 6484 1 17000
49000 5013 16518 1 49000
91000 8766 29203 1 91000
21000 5781 0 0 21000
18000 1476 0 0 18000
26000 7510 0 0 26000
13000 7302 0 0 13000
55000 8359 0 0 55000
29000 3503 0 0 29000
14000 581 0 0 14000
28000 67 0 0 28000
19000 2581 0 0 19000
31000 1369 0 0 31000
---1
32000 6114 17211 1 32000
31000 9592 22225 1 31000
21000 3540 10361 1 21000
20000 5794 13851 1 20000
69000 1625 6208 1 69000
11000 6898 10262 1 11000
79000 7455 24925 1 79000
53000 4213 14478 1 53000
36000 13997 28730 1 36000
16000 1222 4224 1 16000
11000 33 0 0 11000
12000 3752 0 0 12000
36000 6763 0 0 36000
38000 5705 0 0 38000
19000 4111 0 0 19000
51000 8272 0 0 51000
87000 12768 0 0 87000
11000 3 0 0 11000
18000 3805 0 0 18000
70000 25240 0 0 70000
---2
31000 616 2370 1 31000
13000 1912 5812 1 13000
43000 6745 20152 1 43000
44000 8337 23534 1 44000
47000 12370 30864 1 47000
56000 4233 14653 1 56000
14000 129 506 1 14000
28000 10732 22209 1 28000
24000 9759 19513 1 24000
14000 1914 5926 1 14000
10000 1398 0 0 10000
77000 10252 0 0 77000
77000 4964 0 0 77000
19000 2063 0 0 19000
55000 26405 0 0 55000
91000 33864 0 0 91000
14000 1027 0 0 14000
49000 21640 0 0 49000
69000 464 0 0 69000
74000 28994 0 0 74000
---3
40000 1830 6701 1 40000
11000 429 1591 1 11000
78000 30897 62738 1 78000
13000 1269 4217 1 13000
10000 9265 9932 1 10000
28000 2258 7743 1 28000
15000 4120 10090 1 15000
10000 225 861 1 10000
29000 1904 6714 1 29000
22000 1437 5070 1 22000
10000 1433 0 0 10000
26000 77 0 0 26000
13000 5621 0 0 13000
54000 4206 0 0 54000
52000 2625 0 0 52000
29000 15092 0 0 29000
18000 2029 0 0 18000
25000 4935 0 0 25000
87000 35097 0 0 87000
92000 4112 0 0 92000
---4
11000 1103 3648 1 11000
47000 32984 44889 1 47000
63000 6128 20379 1 63000
62000 29005 53149 1 62000
46000 19294 37867 1 46000
63000 3789 13501 1 63000
15000 3012 8339 1 15000
21000 1686 5785 1 21000
53000 1458 5528 1 53000
22000 4004 11449 1 22000
27000 2487 0 0 27000
11000 2462 0 0 11000
18000 452 0 0 18000
43000 2729 0 0 43000
55000 10929 0 0 55000
13000 2988 0 0 13000
98000 28657 0 0 98000
29000 2268 0 0 29000
56000 2908 0 0 56000
87000 35379 0 0 87000
---5
82000 49822 75932 1 82000
30000 4324 13212 1 30000
53000 1492 5650 1 53000
37000 766 2942 1 37000
28000 15119 25127 1 28000
91000 4612 16730 1 91000
14000 2309 6801 1 14000
50000 8 31 1 50000
95000 51877 85529 1 95000
22000 2170 7198 1 22000
10000 1098 0 0 10000
45000 3819 0 0 45000
20000 442 0 0 20000
28000 9221 0 0 28000
64000 19486 0 0 64000
18000 1417 0 0 18000
10000 2639 0 0 10000
15000 2004 0 0 15000
37000 11951 0 0 37000
51000 7590 0 0 51000
---6
13000 9224 12441 1 13000
49000 6976 21383 1 49000
29000 5198 14934 1 29000
51000 7097 21879 1 51000
13000 4007 9301 1 13000
39000 2710 9488 1 39000
28000 1744 6189 1 28000
20000 1166 4169 1 20000
17000 264 1024 1 17000
13000 1547 4945 1 13000
17000 1781 0 0 17000
81000 40782 0 0 81000
22000 1251 0 0 22000
26000 7122 0 0 26000
63000 1989 0 0 63000
55000 7345 0 0 55000
46000 1220 0 0 46000
30000 17793 0 0 30000
56000 6494 0 0 56000
11000 3923 0 0 11000
---7
71000 26315 55498 1 71000
13000 7609 11926 1 13000
43000 7268 21256 1 43000
58000 2482 9139 1 58000
20000 1264 4478 1 20000
60000 24207 48627 1 60000
38000 1858 6763 1 38000
27000 15840 24784 1 27000
15000 2575 7496 1 15000
31000 1916 6806 1 31000
10000 1351 0 0 10000
15000 2206 0 0 15000
12000 603 0 0 12000
21000 3776 0 0 21000
14000 722 0 0 14000
45000 10334 0 0 45000
34000 4769 0 0 34000
18000 3119 0 0 18000
38000 12846 0 0 38000
21000 1071 0 0 21000
---8
21000 13942 19838 1 21000
48000 7053 21444 1 48000
21000 1437 5041 1 21000
11000 700 2478 1 11000
35000 1776 6441 1 35000
76000 19432 49083 1 76000
11000 568 2056 1 11000
10000 77 303 1 10000
14000 11 43 1 14000
17000 6097 13093 1 17000
25000 5012 0 0 25000
15000 7190 0 0 15000
49000 15146 0 0 49000
15000 1366 0 0 15000
23000 3040 0 0 23000
55000 8403 0 0 55000
18000 6433 0 0 18000
24000 594 0 0 24000
29000 4681 0 0 29000
35000 14802 0 0 35000
---9
13000 686 2478 1 13000
11000 3288 7746 1 11000
34000 12061 26054 1 34000
10000 1626 4809 1 10000
94000 3640 13508 1 94000
18000 1982 6438 1 18000
10000 1013 3344 1 10000
77000 20988 51575 1 77000
78000 44672 71152 1 78000
98000 1272 4960 1 98000
15000 4146 0 0 15000
38000 11159 0 0 38000
28000 6361 0 0 28000
20000 3723 0 0 20000
14000 441 0 0 14000
48000 2522 0 0 48000
34000 8771 0 0 34000
24000 8111 0 0 24000
66000 22921 0 0 66000
92000 1068 0 0 92000
---10
38000 3172 10820 1 38000
25000 13163 22268 1 25000
37000 3604 11982 1 37000
81000 27216 60504 1 81000
61000 37711 56721 1 61000
89000 5067 18165 1 89000
59000 12630 34188 1 59000
83000 28217 62348 1 83000
72000 4105 14714 1 72000
20000 3337 9796 1 20000
15000 3414 0 0 15000
10000 2552 0 0 10000
65000 4747 0 0 65000
29000 948 0 0 29000
47000 5344 0 0 47000
16000 2965 0 0 16000
22000 8453 0 0 22000
30000 1537 0 0 30000
33000 1893 0 0 33000
34000 4174 0 0 34000
---11
86000 9609 31122 1 86000
55000 11499 31391 1 55000
93000 1115 4356 1 93000
25000 2130 7243 1 25000
31000 10523 23269 1 31000
47000 8572 24495 1 47000
31000 2490 8544 1 31000
15000 11344 14514 1 15000
16000 1323 4519 1 16000
52000 12115 31770 1 52000
24000 1024 0 0 24000
10000 3870 0 0 10000
17000 2684 0 0 17000
63000 14395 0 0 63000
50000 6156 0 0 50000
98000 14226 0 0 98000
88000 23138 0 0 88000
72000 6684 0 0 72000
90000 38086 0 0 90000
40000 1774 0 0 40000
---12
93000 822 3231 1 93000
10000 4281 8297 1 10000
47000 33122 44924 1 47000
79000 32281 64359 1 79000
20000 8747 16731 1 20000
23000 2430 7958 1 23000
39000 1128 4265 1 39000
26000 127 503 1 26000
12000 2045 5966 1 12000
88000 18244 49953 1 88000
35000 20549 0 0 35000
14000 361 0 0 14000
21000 5184 0 0 21000
71000 1476 0 0 71000
28000 971 0 0 28000
71000 8845 0 0 71000
18000 4293 0 0 18000
39000 1053 0 0 39000
18000 2698 0 0 18000
10000 395 0 0 10000
---13
17000 201 785 1 17000
33000 23801 31676 1 33000
38000 2112 7590 1 38000
60000 5367 18107 1 60000
41000 540 2105 1 41000
19000 9183 16470 1 19000
13000 107 421 1 13000
74000 3199 11770 1 74000
50000 16791 37338 1 50000
80000 3225 11932 1 80000
38000 11741 0 0 38000
20000 2045 0 0 20000
31000 2575 0 0 31000
46000 2832 0 0 46000
17000 4000 0 0 17000
41000 23749 0 0 41000
28000 4648 0 0 28000
68000 6206 0 0 68000
19000 10210 0 0 19000
77000 2495 0 0 77000
---14
34000 4089 13040 1 34000
47000 9851 26868 1 47000
41000 1104 4190 1 41000
13000 376 1421 1 13000
42000 25896 39029 1 42000
13000 6684 11496 1 13000
54000 14365 35677 1 54000
35000 9132 22869 1 35000
11000 839 2900 1 11000
11000 2389 6433 1 11000
17000 379 0 0 17000
10000 1201 0 0 10000
23000 1725 0 0 23000
14000 4988 0 0 14000
53000 11004 0 0 53000
58000 28294 0 0 58000
18000 2626 0 0 18000
48000 1277 0 0 48000
91000 5878 0 0 91000
69000 10804 0 0 69000
---15
72000 11341 33844 1 72000
20000 929 3397 1 20000
12000 6229 10643 1 12000
20000 2941 8940 1 20000
38000 313 1231 1 38000
68000 20679 48318 1 68000
84000 13978 41068 1 84000
66000 10349 30922 1 66000
50000 27337 45031 1 50000
72000 27892 57371 1 72000
14000 272 0 0 14000
82000 2280 0 0 82000
90000 4297 0 0 90000
16000 3764 0 0 16000
41000 16894 0 0 41000
31000 714 0 0 31000
19000 3685 0 0 19000
15000 5763 0 0 15000
14000 1001 0 0 14000
68000 9857 0 0 68000
---16
26000 3541 10974 1 26000
23000 2865 9066 1 23000
12000 228 878 1 12000
89000 19411 52188 1 89000
52000 20132 41424 1 52000
87000 36332 71495 1 87000
49000 7287 22086 1 49000
25000 703 2662 1 25000
77000 15012 41979 1 77000
47000 6737 20615 1 47000
38000 4107 0 0 38000
25000 10581 0 0 25000
15000 4492 0 0 15000
27000 961 0 0 27000
11000 6550 0 0 11000
22000 455 0 0 22000
85000 41469 0 0 85000
17000 782 0 0 17000
10000 1174 0 0 10000
39000 1871 0 0 39000
---17
11000 5436 9605 1 11000
11000 551 2001 1 11000
46000 9287 25664 1 46000
23000 2327 7683 1 23000
19000 3870 10662 1 19000
19000 1807 6033 1 19000
50000 1341 5091 1 50000
77000 7474 24865 1 77000
14000 1502 4904 1 14000
97000 60019 90214 1 97000
34000 3726 0 0 34000
14000 1897 0 0 14000
15000 2283 0 0 15000
52000 1257 0 0 52000
29000 528 0 0 29000
20000 525 0 0 20000
36000 24487 0 0 36000
21000 10679 0 0 21000
22000 596 0 0 22000
17000 5470 0 0 17000
---18
42000 2566 9127 1 42000
16000 1267 4356 1 16000
10000 5704 9112 1 10000
79000 10432 32571 1 79000
28000 1224 4499 1 28000
10000 1381 4265 1 10000
10000 738 2563 1 10000
58000 8697 26302 1 58000
34000 3861 12464 1 34000
90000 7930 26821 1 90000
96000 26449 0 0 96000
74000 1498 0 0 74000
34000 13340 0 0 34000
57000 15269 0 0 57000
29000 320 0 0 29000
33000 13028 0 0 33000
12000 3006 0 0 12000
49000 698 0 0 49000
31000 9244 0 0 31000
58000 36246 0 0 58000
---19
98000 5386 19380 1 98000
42000 19970 36207 1 42000
20000 3450 10029 1 20000
56000 1515 5749 1 56000
50000 2746 9881 1 50000
69000 10700 32069 1 69000
50000 12633 32068 1 50000
24000 22790 23893 1 24000
16000 3642 9636 1 16000
56000 8817 26315 1 56000
14000 4079 0 0 14000
20000 3242 0 0 20000
55000 3844 0 0 55000
96000 19334 0 0 96000
63000 6567 0 0 63000
20000 6011 0 0 20000
46000 2936 0 0 46000
43000 1234 0 0 43000
19000 715 0 0 19000
43000 9147 0 0 43000
---20
36000 16852 30867 1 36000
42000 4629 15034 1 42000
40000 437 1711 1 40000
13000 3435 8556 1 13000
38000 8329 22352 1 38000
14000 2095 6339 1 14000
42000 1342 5045 1 42000
15000 2186 6660 1 15000
57000 4348 15032 1 57000
27000 18343 25626 1 27000
29000 7069 0 0 29000
90000 4476 0 0 90000
25000 8071 0 0 25000
31000 3180 0 0 31000
18000 6161 0 0 18000
29000 2624 0 0 29000
30000 4430 0 0 30000
10000 231 0 0 10000
21000 5786 0 0 21000
38000 9347 0 0 38000
---21
17000 939 3377 1 17000
22000 944 3475 1 22000
14000 2084 6314 1 14000
94000 39765 77640 1 94000
23000 4037 11674 1 23000
16000 12530 15566 1 16000
10000 75 295 1 10000
27000 13020 23387 1 27000
35000 11644 26018 1 35000
18000 293 1135 1 18000
19000 1521 0 0 19000
24000 2958 0 0 24000
30000 909 0 0 30000
16000 4936 0 0 16000
18000 2461 0 0 18000
20000 2222 0 0 20000
89000 22599 0 0 89000
75000 27503 0 0 75000
12000 1323 0 0 12000
90000 1007 0 0 90000
---22
93000 29882 67961 1 93000
16000 2551 7587 1 16000
46000 7899 22993 1 46000
21000 2820 8769 1 21000
88000 6618 22926 1 88000
31000 22573 29806 1 31000
20000 1633 5589 1 20000
96000 15022 44911 1 96000
67000 12010 34505 1 67000
20000 15992 19516 1 20000
16000 203 0 0 16000
82000 26361 0 0 82000
78000 1061 0 0 78000
14000 1064 0 0 14000
87000 2636 0 0 87000
61000 2207 0 0 61000
51000 2715 0 0 51000
48000 3641 0 0 48000
45000 2119 0 0 45000
17000 8947 0 0 17000
---23
21000 2201 7219 1 21000
23000 1157 4200 1 23000
87000 14737 43073 1 87000
35000 21001 32311 1 35000
30000 1792 6390 1 30000
51000 523 2050 1 51000
35000 19036 31474 1 35000
89000 2327 8846 1 89000
60000 3321 11941 1 60000
56000 3685 12992 1 56000
31000 3355 0 0 31000
79000 35242 0 0 79000
28000 124 0 0 28000
10000 4655 0 0 10000
35000 18257 0 0 35000
71000 5028 0 0 71000
30000 8178 0 0 30000
48000 3189 0 0 48000
30000 9313 0 0 30000
14000 669 0 0 14000
---24
97000 11964 37944 1 97000
88000 13620 40842 1 88000
51000 2876 10321 1 51000
69000 17609 44513 1 69000
55000 749 2917 1 55000
36000 1285 4796 1 36000
14000 1366 4540 1 14000
53000 953 3680 1 53000
17000 52 206 1 17000
12000 11654 11970 1 12000
95000 12192 0 0 95000
31000 917 0 0 31000
48000 7756 0 0 48000
11000 2311 0 0 11000
20000 9648 0 0 20000
56000 17980 0 0 56000
14000 3315 0 0 14000
21000 712 0 0 21000
15000 7318 0 0 15000
51000 9137 0 0 51000
---25
73000 16191 43261 1 73000
59000 8762 26567 1 59000
15000 13446 14847 1 15000
19000 3506 9981 1 19000
79000 3532 12959 1 79000
11000 1844 5406 1 11000
16000 2897 8297 1 16000
57000 16586 39570 1 57000
71000 15870 42281 1 71000
10000 592 2113 1 10000
25000 4360 0 0 25000
55000 10729 0 0 55000
22000 1283 0 0 22000
15000 377 0 0 15000
13000 184 0 0 13000
21000 5299 0 0 21000
48000 20815 0 0 48000
54000 13239 0 0 54000
15000 1706 0 0 15000
47000 3260 0 0 47000
---26
25000 22 87 1 25000
29000 3046 9986 1 29000
31000 2556 8736 1 31000
34000 12501 26481 1 34000
10000 2028 5595 1 10000
28000 18074 26292 1 28000
42000 10327 26508 1 42000
98000 29637 69434 1 98000
22000 1374 4874 1 22000
71000 23484 52631 1 71000
12000 1455 0 0 12000
88000 45808 0 0 88000
17000 2407 0 0 17000
23000 8496 0 0 23000
29000 2792 0 0 29000
60000 5887 0 0 60000
16000 2996 0 0 16000
84000 2005 0 0 84000
69000 4794 0 0 69000
12000 311 0 0 12000
---27
46000 1753 6513 1 46000
36000 32882 35705 1 36000
59000 11538 32231 1 59000
13000 4359 9700 1 13000
10000 2111 5743 1 10000
16000 344 1319 1 16000
37000 2936 10092 1 37000
14000 526 1956 1 14000
12000 3052 7726 1 12000
51000 10807 29361 1 51000
72000 2259 0 0 72000
12000 6201 0 0 12000
26000 446 0 0 26000
12000 1706 0 0 12000
84000 3801 0 0 84000
34000 5062 0 0 34000
10000 3979 0 0 10000
30000 3492 0 0 30000
31000 2919 0 0 31000
15000 2871 0 0 15000
---28
22000 9205 18093 1 22000
13000 106 417 1 13000
51000 7227 22179 1 51000
49000 21807 41259 1 49000
92000 13208 40400 1 92000
83000 279 1108 1 83000
12000 2333 6530 1 12000
44000 14042 32044 1 44000
90000 10751 34337 1 90000
11000 1152 3779 1 11000
18000 1263 0 0 18000
26000 12406 0 0 26000
31000 1231 0 0 31000
36000 20424 0 0 36000
14000 244 0 0 14000
50000 9412 0 0 50000
34000 14023 0 0 34000
21000 1265 0 0 21000
58000 2423 0 0 58000
25000 5678 0 0 25000
---29
18000 554 2087 1 18000
25000 1981 6811 1 25000
58000 1841 6924 1 58000
98000 10549 34422 1 98000
25000 9961 20157 1 25000
24000 4296 12348 1 24000
31000 17702 28256 1 31000
54000 13522 34452 1 54000
16000 1663 5463 1 16000
60000 25714 49808 1 60000
20000 1585 0 0 20000
93000 28680 0 0 93000
19000 17452 0 0 19000
11000 121 0 0 11000
46000 1256 0 0 46000
70000 7622 0 0 70000
16000 1005 0 0 16000
30000 4948 0 0 30000
10000 832 0 0 10000
27000 1470 0 0 27000
---30
11000 984 3319 1 11000
19000 7131 14934 1 19000
10000 3873 7967 1 10000
72000 2026 7672 1 72000
17000 9817 15541 1 17000
17000 4769 11569 1 17000
15000 217 843 1 15000
10000 172 665 1 10000
10000 10 39 1 10000
30000 8890 21029 1 30000
26000 917 0 0 26000
21000 13472 0 0 21000
11000 3383 0 0 11000
11000 439 0 0 11000
36000 4834 0 0 36000
14000 1116 0 0 14000
42000 1354 0 0 42000
23000 1056 0 0 23000
33000 988 0 0 33000
13000 7617 0 0 13000
---31
16000 4547 10966 1 16000
67000 17465 43756 1 67000
85000 17782 48533 1 85000
39000 14185 30229 1 39000
56000 537 2108 1 56000
41000 1518 5651 1 41000
39000 4173 13633 1 39000
34000 6983 19183 1 34000
36000 9263 23335 1 36000
71000 3779 13643 1 71000
32000 10017 0 0 32000
58000 13277 0 0 58000
73000 4756 0 0 73000
67000 7163 0 0 67000
21000 1475 0 0 21000
17000 1806 0 0 17000
48000 29279 0 0 48000
36000 21376 0 0 36000
55000 1413 0 0 55000
46000 4258 0 0 46000
---32
21000 1892 6375 1 21000
99000 20426 56022 1 99000
42000 1622 6020 1 42000
26000 5050 14139 1 26000
74000 138 549 1 74000
60000 12078 33410 1 60000
42000 193 765 1 42000
39000 3447 11652 1 39000
15000 4757 10889 1 15000
10000 1819 5202 1 10000
14000 131 0 0 14000
19000 2898 0 0 19000
57000 54028 0 0 57000
31000 24676 0 0 31000
50000 3259 0 0 50000
20000 743 0 0 20000
57000 18478 0 0 57000
14000 388 0 0 14000
17000 377 0 0 17000
75000 21972 0 0 75000
---33
35000 11373 25720 1 35000
55000 13313 34390 1 55000
20000 2765 8538 1 20000
27000 4056 12260 1 27000
15000 2933 8193 1 15000
27000 1735 6134 1 27000
59000 5043 17139 1 59000
46000 1730 6433 1 46000
28000 10084 21606 1 28000
15000 1565 5137 1 15000
43000 2153 0 0 43000
91000 6515 0 0 91000
45000 4282 0 0 45000
31000 24280 0 0 31000
45000 4905 0 0 45000
42000 11896 0 0 42000
73000 4999 0 0 73000
34000 4853 0 0 34000
88000 31727 0 0 88000
16000 5325 0 0 16000
---34
69000 12263 35326 1 69000
16000 3995 10190 1 16000
26000 2184 7443 1 26000
34000 20483 31419 1 34000
22000 454 1744 1 22000
45000 8766 24519 1 45000
40000 17583 33526 1 40000
75000 51976 71461 1 75000
73000 7725 25291 1 73000
13000 364 1378 1 13000
77000 21016 0 0 77000
67000 12106 0 0 67000
31000 1909 0 0 31000
21000 212 0 0 21000
14000 2167 0 0 14000
57000 648 0 0 57000
84000 17346 0 0 84000
67000 23230 0 0 67000
55000 8182 0 0 55000
17000 179 0 0 17000
---35
12000 9690 11726 1 12000
87000 23632 58161 1 87000
24000 1972 6743 1 24000
17000 617 2300 1 17000
18000 914 3315 1 18000
15000 3518 9201 1 15000
77000 35315 65548 1 77000
91000 11307 35802 1 91000
20000 2176 7085 1 20000
15000 4396 10453 1 15000
16000 3 0 0 16000
65000 12517 0 0 65000
10000 264 0 0 10000
41000 3027 0 0 41000
39000 2313 0 0 39000
17000 2651 0 0 17000
88000 17155 0 0 88000
14000 1050 0 0 14000
51000 33477 0 0 51000
19000 1848 0 0 19000
---36
37000 3155 10727 1 37000
73000 16469 43724 1 73000
66000 4984 17255 1 66000
25000 5002 13865 1 25000
38000 16322 31572 1 38000
11000 129 504 1 11000
37000 3637 12072 1 37000
12000 3549 8403 1 12000
52000 7673 23304 1 52000
18000 1664 5583 1 18000
27000 23783 0 0 27000
10000 5858 0 0 10000
26000 1173 0 0 26000
18000 714 0 0 18000
20000 948 0 0 20000
14000 973 0 0 14000
33000 3193 0 0 33000
17000 389 0 0 17000
11000 5559 0 0 11000
20000 889 0 0 20000
---37
21000 16 63 1 21000
85000 80676 84620 1 85000
21000 1487 5193 1 21000
20000 6658 14872 1 20000
21000 686 2575 1 21000
13000 1688 5291 1 13000
41000 5344 16736 1 41000
28000 1732 6151 1 28000
82000 37172 69512 1 82000
10000 179 691 1 10000
78000 3488 0 0 78000
63000 12566 0 0 63000
93000 214 0 0 93000
42000 3559 0 0 42000
21000 7197 0 0 21000
13000 4103 0 0 13000
12000 1643 0 0 12000
32000 7193 0 0 32000
84000 36624 0 0 84000
51000 1682 0 0 51000
---38
83000 15634 44217 1 83000
38000 953 3630 1 38000
11000 1758 5225 1 11000
18000 1605 5417 1 18000
16000 5617 12202 1 16000
12000 4550 9474 1 12000
70000 80 319 1 70000
27000 8431 19448 1 27000
18000 136 536 1 18000
43000 603 2346 1 43000
52000 19543 0 0 52000
28000 801 0 0 28000
62000 7051 0 0 62000
77000 23874 0 0 77000
78000 12839 0 0 78000
14000 329 0 0 14000
81000 42800 0 0 81000
18000 5870 0 0 18000
10000 714 0 0 10000
64000 33907 0 0 64000
---39
22000 3000 9294 1 22000
80000 13611 39730 1 80000
61000 8130 25328 1 61000
17000 562 2108 1 17000
47000 3929 13400 1 47000
10000 305 1149 1 10000
52000 17522 38895 1 52000
40000 25678 37515 1 40000
11000 6787 10223 1 11000
65000 19761 46179 1 65000
39000 12700 0 0 39000
84000 14630 0 0 84000
61000 11500 0 0 61000
17000 413 0 0 17000
16000 1175 0 0 16000
98000 34703 0 0 98000
10000 1534 0 0 10000
81000 804 0 0 81000
12000 1894 0 0 12000
43000 2205 0 0 43000
---40
14000 2851 7855 1 14000
11000 2646 6852 1 11000
11000 5706 9754 1 11000
24000 5098 13838 1 24000
36000 2371 8358 1 36000
10000 4501 8455 1 10000
15000 1665 5400 1 15000
11000 4080 8601 1 11000
31000 4265 13185 1 31000
11000 265 1011 1 11000
79000 6523 0 0 79000
39000 2961 0 0 39000
35000 14061 0 0 35000
48000 9841 0 0 48000
92000 27853 0 0 92000
33000 1191 0 0 33000
89000 6620 0 0 89000
44000 7070 0 0 44000
52000 6724 0 0 52000
41000 8044 0 0 41000
---41
96000 12130 38262 1 96000
11000 2865 7180 1 11000
33000 1248 4639 1 33000
22000 1149 4155 1 22000
98000 49718 86302 1 98000
64000 1183 4564 1 64000
33000 410 1600 1 33000
42000 13958 31206 1 42000
21000 4359 11930 1 21000
11000 444 1642 1 11000
49000 10911 0 0 49000
25000 6150 0 0 25000
45000 22012 0 0 45000
13000 2651 0 0 13000
55000 18327 0 0 55000
76000 28870 0 0 76000
71000 1167 0 0 71000
16000 3850 0 0 16000
19000 3945 0 0 19000
87000 5622 0 0 87000
---42
24000 284 1110 1 24000
10000 4882 8697 1 10000
15000 291 1120 1 15000
13000 5474 10718 1 13000
55000 24372 46237 1 55000
35000 9672 23623 1 35000
25000 1064 3919 1 25000
22000 2025 6799 1 22000
13000 4758 10104 1 13000
60000 1715 6489 1 60000
11000 886 0 0 11000
13000 4750 0 0 13000
10000 1296 0 0 10000
10000 96 0 0 10000
10000 2642 0 0 10000
32000 543 0 0 32000
20000 2585 0 0 20000
39000 12986 0 0 39000
43000 5154 0 0 43000
11000 3981 0 0 11000
---43
68000 10888 32344 1 68000
23000 1117 4068 1 23000
78000 882 3450 1 78000
64000 11119 32253 1 64000
78000 4053 14667 1 78000
76000 12154 36117 1 76000
19000 9478 16642 1 19000
18000 2489 7685 1 18000
98000 55823 89267 1 98000
52000 24367 44602 1 52000
27000 10915 0 0 27000
14000 9955 0 0 14000
67000 4755 0 0 67000
31000 1553 0 0 31000
17000 2763 0 0 17000
26000 358 0 0 26000
12000 1736 0 0 12000
12000 217 0 0 12000
14000 292 0 0 14000
21000 2569 0 0 21000
---44
18000 6990 14357 1 18000
43000 6794 20257 1 43000
24000 259 1014 1 24000
61000 30333 53376 1 61000
12000 682 2445 1 12000
20000 2648 8262 1 20000
49000 16980 37142 1 49000
49000 7192 21873 1 49000
38000 3529 11831 1 38000
37000 21874 34030 1 37000
22000 564 0 0 22000
60000 28161 0 0 60000
16000 3374 0 0 16000
67000 1497 0 0 67000
68000 30648 0 0 68000
10000 689 0 0 10000
11000 653 0 0 11000
33000 5822 0 0 33000
26000 206 0 0 26000
27000 2352 0 0 27000
---45
19000 631 2366 1 19000
53000 29312 47888 1 53000
56000 3719 13097 1 56000
80000 24011 56456 1 80000
37000 5199 15989 1 37000
13000 2669 7332 1 13000
45000 13218 31397 1 45000
79000 13255 38850 1 79000
96000 6957 24223 1 96000
64000 3173 11534 1 64000
23000 1653 0 0 23000
14000 155 0 0 14000
10000 715 0 0 10000
42000 14230 0 0 42000
16000 3146 0 0 16000
46000 37868 0 0 46000
50000 1719 0 0 50000
28000 9534 0 0 28000
64000 1260 0 0 64000
10000 2098 0 0 10000
---46
92000 13066 40076 1 92000
34000 3213 10739 1 34000
10000 2472 6331 1 10000
34000 2361 8267 1 34000
87000 12925 39185 1 87000
62000 36271 56872 1 62000
14000 74 292 1 14000
15000 3641 9394 1 15000
66000 1020 3958 1 66000
21000 3109 9434 1 21000
78000 55831 0 0 78000
20000 1539 0 0 20000
17000 2190 0 0 17000
18000 4701 0 0 18000
95000 4366 0 0 95000
11000 1134 0 0 11000
56000 18421 0 0 56000
48000 7843 0 0 48000
17000 8085 0 0 17000
49000 81 0 0 49000
---47
27000 1007 3747 1 27000
54000 5094 17032 1 54000
24000 2115 7153 1 24000
15000 1189 4087 1 15000
66000 9525 29096 1 66000
98000 93563 97614 1 98000
31000 5513 15878 1 31000
11000 16 63 1 11000
32000 13930 26723 1 32000
32000 372 1454 1 32000
53000 24013 0 0 53000
52000 23979 0 0 52000
21000 2506 0 0 21000
30000 1632 0 0 30000
17000 4200 0 0 17000
81000 4153 0 0 81000
20000 2427 0 0 20000
18000 93 0 0 18000
69000 9742 0 0 69000
39000 12536 0 0 39000
---48
17000 7941 14565 1 17000
93000 10865 34867 1 93000
28000 4270 12855 1 28000
15000 946 3352 1 15000
98000 1974 7592 1 98000
23000 2436 7974 1 23000
58000 606 2375 1 58000
86000 862 3381 1 86000
89000 2197 8376 1 89000
12000 4319 9257 1 12000
22000 4994 0 0 22000
82000 2105 0 0 82000
87000 48817 0 0 87000
27000 11829 0 0 27000
20000 5855 0 0 20000
18000 2100 0 0 18000
19000 1450 0 0 19000
45000 3178 0 0 45000
12000 6530 0 0 12000
63000 19939 0 0 63000
---49
53000 11140 30354 1 53000
11000 3744 8267 1 11000
11000 2039 5796 1 11000
58000 18485 42212 1 58000
16000 414 1574 1 16000
45000 31043 42839 1 45000
64000 6643 21829 1 64000
10000 874 2959 1 10000
64000 27373 53087 1 64000
88000 7395 25200 1 88000
14000 47 0 0 14000
81000 27858 0 0 81000
99000 20458 0 0 99000
34000 5615 0 0 34000
94000 22372 0 0 94000
14000 2498 0 0 14000
35000 5650 0 0 35000
12000 3 0 0 12000
27000 6278 0 0 27000
25000 9915 0 0 25000
---0
19000 415 1590 1 19000
14000 2265 6708 1 14000
30000 5176 15045 1 30000
87000 18135 49560 1 87000
77000 22293 53310 1 77000
34000 2827 9649 1 34000
37000 376 1474 1 37000
17000 7167 14022 1 17000
49000 21917 41335 1 49000
91000 13685 41356 1 91000
21000 3231 0 0 21000
18000 2636 0 0 18000
26000 1844 0 0 26000
13000 1552 0 0 13000
55000 29046 0 0 55000
29000 11871 0 0 29000
14000 1129 0 0 14000
28000 13602 0 0 28000
19000 140 0 0 19000
31000 13361 0 0 31000
---1
32000 3531 11465 1 32000
31000 23930 30093 1 31000
21000 2247 7340 1 21000
20000 10292 17691 1 20000
69000 31835 58862 1 69000
11000 727 2561 1 11000
79000 17453 46701 1 79000
53000 4683 15831 1 53000
36000 1090 4111 1 36000
16000 3203 8877 1 16000
11000 1114 0 0 11000
12000 2955 0 0 12000
36000 995 0 0 36000
38000 2653 0 0 38000
19000 4153 0 0 19000
51000 12895 0 0 51000
87000 27984 0 0 87000
11000 946 0 0 11000
18000 1028 0 0 18000
70000 31312 0 0 70000
---2
31000 20718 29325 1 31000
13000 2061 6139 1 13000
43000 1331 5013 1 43000
44000 1002 3834 1 44000
47000 27916 43279 1 47000
56000 3122 11217 1 56000
14000 2540 7270 1 14000
28000 5 19 1 28000
24000 14416 22162 1 24000
14000 1519 4948 1 14000
10000 1207 0 0 10000
77000 7188 0 0 77000
77000 1875 0 0 77000
19000 6883 0 0 19000
55000 18421 0 0 55000
91000 7885 0 0 91000
14000 4065 0 0 14000
49000 7201 0 0 49000
69000 24517 0 0 69000
74000 12115 0 0 74000
---3
40000 31220 38895 1 40000
11000 1722 5147 1 11000
78000 15379 42843 1 78000
13000 1990 5985 1 13000
10000 3391 7502 1 10000
28000 2140 7396 1 28000
15000 1028 3605 1 15000
10000 641 2267 1 10000
29000 495 1915 1 29000
22000 2881 9013 1 22000
10000 1152 0 0 10000
26000 14399 0 0 26000
13000 813 0 0 13000
54000 16272 0 0 54000
52000 1806 0 0 52000
29000 4260 0 0 29000
18000 525 0 0 18000
25000 16310 0 0 25000
87000 11098 0 0 87000
92000 36098 0 0 92000
---4
11000 4484 8952 1 11000
47000 30262 44109 1 47000
63000 11713 33267 1 63000
62000 2919 10661 1 62000
46000 3198 11196 1 46000
63000 27960 52993 1 63000
15000 807 2910 1 15000
21000 13552 19718 1 21000
53000 10011 28288 1 53000
22000 1496 5252 1 22000
27000 4015 0 0 27000
11000 1779 0 0 11000
18000 995 0 0 18000
43000 8505 0 0 43000
55000 3123 0 0 55000
13000 3284 0 0 13000
98000 15121 0 0 98000
29000 5528 0 0 29000
56000 20825 0 0 56000
87000 4884 0 0 87000
---5
82000 59884 78883 1 82000
30000 4849 14366 1 30000
53000 3990 13820 1 53000
37000 2591 9062 1 37000
28000 1563 5615 1 28000
91000 25594 62020 1 91000
14000 796 2854 1 14000
50000 424 1668 1 50000
95000 89 355 1 95000
22000 8679 17665 1 22000
10000 2205 0 0 10000
45000 23729 0 0 45000
20000 6800 0 0 20000
28000 2805 0 0 28000
64000 9307 0 0 64000
18000 3025 0 0 18000
10000 3931 0 0 10000
15000 408 0 0 15000
37000 6570 0 0 37000
51000 23726 0 0 51000
---6
13000 754 2697 1 13000
49000 16113 36219 1 49000
29000 11316 23179 1 29000
51000 9122 26226 1 51000
13000 553 2037 1 13000
39000 4723 15039 1 39000
28000 3121 10113 1 28000
20000 5996 14105 1 20000
17000 10709 15876 1 17000
13000 185 719 1 13000
17000 5169 0 0 17000
81000 26166 0 0 81000
22000 5498 0 0 22000
26000 5324 0 0 26000
63000 2186 0 0 63000
55000 3179 0 0 55000
46000 13054 0 0 46000
30000 11153 0 0 30000
56000 21392 0 0 56000
11000 140 0 0 11000
---7
71000 6520 21901 1 71000
13000 7529 11893 1 13000
43000 4608 15049 1 43000
58000 21437 45280 1 58000
20000 13601 18986 1 20000
60000 3757 13325 1 60000
38000 8948 23368 1 38000
27000 10097 21188 1 27000
15000 940 3333 1 15000
31000 5690 16226 1 31000
10000 2504 0 0 10000
15000 4212 0 0 15000
12000 964 0 0 12000
21000 755 0 0 21000
14000 1751 0 0 14000
45000 9175 0 0 45000
34000 14371 0 0 34000
18000 1014 0 0 18000
38000 2398 0 0 38000
21000 2836 0 0 21000
---8
21000 2581 8192 1 21000
48000 11039 29094 1 48000
21000 277 1079 1 21000
11000 1031 3451 1 11000
35000 13069 27448 1 35000
76000 15248 42228 1 76000
11000 972 3285 1 11000
10000 8319 9811 1 10000
14000 1274 4286 1 14000
17000 4356 10992 1 17000
25000 1173 0 0 25000
15000 6385 0 0 15000
49000 8511 0 0 49000
15000 3770 0 0 15000
23000 3115 0 0 23000
55000 8782 0 0 55000
18000 5206 0 0 18000
24000 2450 0 0 24000
29000 13499 0 0 29000
35000 1707 0 0 35000
---9
13000 126 494 1 13000
11000 5180 9451 1 11000
34000 26356 33027 1 34000
10000 4494 8450 1 10000
94000 45226 81360 1 94000
18000 2092 6720 1 18000
10000 318 1195 1 10000
77000 415 1642 1 77000
78000 14626 41426 1 78000
98000 22348 59091 1 98000
15000 9687 0 0 15000
38000 1078 0 0 38000
28000 7604 0 0 28000
20000 457 0 0 20000
14000 534 0 0 14000
48000 6577 0 0 48000
34000 8921 0 0 34000
24000 713 0 0 24000
66000 10884 0 0 66000
92000 4003 0 0 92000
---10
38000 496 1934 1 38000
25000 19834 24368 1 25000
37000 2262 8045 1 37000
81000 7970 26450 1 81000
61000 883 3433 1 61000
89000 47320 79508 1 89000
59000 538 2113 1 59000
83000 3947 14403 1 83000
72000 26597 56196 1 72000
20000 886 3253 1 20000
15000 5098 0 0 15000
10000 1125 0 0 10000
65000 5940 0 0 65000
29000 1964 0 0 29000
47000 12165 0 0 47000
16000 10194 0 0 16000
22000 4018 0 0 22000
30000 3012 0 0 30000
33000 19507 0 0 33000
34000 1211 0 0 34000
---11
86000 11378 35509 1 86000
55000 12680 33387 1 55000
93000 2757 10411 1 93000
25000 797 2996 1 25000
31000 21025 29412 1 31000
47000 26582 42729 1 47000
31000 9071 21585 1 31000
15000 4305 10336 1 15000
16000 1343 4577 1 16000
52000 12424 32260 1 52000
24000 589 0 0 24000
10000 1321 0 0 10000
17000 1402 0 0 17000
63000 24690 0 0 63000
50000 11419 0 0 50000
98000 52589 0 0 98000
88000 14127 0 0 88000
72000 2108 0 0 72000
90000 6395 0 0 90000
40000 6889 0 0 40000
---12
93000 16114 46780 1 93000
10000 511 1852 1 10000
47000 26839 42840 1 47000
79000 12781 37856 1 79000
20000 181 711 1 20000
23000 7693 17142 1 23000
39000 7138 20374 1 39000
26000 4484 13035 1 26000
12000 7217 11084 1 12000
88000 37500 72891 1 88000
35000 748 0 0 35000
14000 428 0 0 14000
21000 1102 0 0 21000
71000 18376 0 0 71000
28000 12691 0 0 28000
71000 1798 0 0 71000
18000 3840 0 0 18000
39000 16483 0 0 39000
18000 1416 0 0 18000
10000 1594 0 0 10000
---13
17000 2547 7704 1 17000
33000 4521 13991 1 33000
38000 796 3056 1 38000
60000 14394 37315 1 60000
41000 17461 33953 1 41000
19000 8728 16183 1 19000
13000 2126 6277 1 13000
74000 2289 8622 1 74000
50000 10723 29007 1 50000
80000 12615 37635 1 80000
38000 4517 0 0 38000
20000 9312 0 0 20000
31000 10212 0 0 31000
46000 1802 0 0 46000
17000 11135 0 0 17000
41000 934 0 0 41000
28000 15026 0 0 28000
68000 3444 0 0 68000
19000 2455 0 0 19000
77000 4065 0 0 77000
---14
34000 18482 30570 1 34000
47000 2593 9326 1 47000
41000 9106 24318 1 41000
13000 1447 4690 1 13000
42000 9412 25051 1 42000
13000 1360 4462 1 13000
54000 1593 6017 1 54000
35000 3737 12213 1 35000
11000 1298 4156 1 11000
11000 7486 10443 1 11000
17000 2049 0 0 17000
10000 1490 0 0 10000
23000 3851 0 0 23000
14000 372 0 0 14000
53000 1062 0 0 53000
58000 1675 0 0 58000
18000 13468 0 0 18000
48000 26851 0 0 48000
91000 2713 0 0 91000
69000 24422 0 0 69000
---15
72000 4838 17012 1 72000
20000 1742 5902 1 20000
12000 7530 11197 1 12000
20000 2905 8859 1 20000
38000 1827 6660 1 38000
68000 10336 31146 1 68000
84000 6821 23367 1 84000
66000 10887 32068 1 66000
50000 6246 19753 1 50000
72000 6978 23221 1 72000
14000 4242 0 0 14000
82000 1826 0 0 82000
90000 38845 0 0 90000
16000 4714 0 0 16000
41000 497 0 0 41000
31000 13462 0 0 31000
19000 5236 0 0 19000
15000 235 0 0 15000
14000 4592 0 0 14000
68000 46746 0 0 68000
---16
26000 13388 23003 1 26000
23000 2788 8876 1 23000
12000 144 562 1 12000
89000 25874 61755 1 89000
52000 12538 32438 1 52000
87000 14324 42214 1 87000
49000 1722 6434 1 49000
25000 4007 11899 1 25000
77000 6462 22026 1 77000
47000 35125 45390 1 47000
38000 10190 0 0 38000
25000 1367 0 0 25000
15000 5327 0 0 15000
27000 3047 0 0 27000
11000 4141 0 0 11000
22000 2190 0 0 22000
85000 13809 0 0 85000
17000 433 0 0 17000
10000 3030 0 0 10000
39000 10552 0 0 39000
---17
11000 668 2377 1 11000
11000 519 1895 1 11000
46000 7535 22239 1 46000
23000 10702 19679 1 23000
19000 3669 10292 1 19000
19000 16368 18722 1 19000
50000 417 1641 1 50000
77000 40846 68741 1 77000
14000 5123 10881 1 14000
97000 1739 6717 1 97000
34000 2995 0 0 34000
14000 1898 0 0 14000
15000 500 0 0 15000
52000 17649 0 0 52000
29000 4362 0 0 29000
20000 2444 0 0 20000
36000 10055 0 0 36000
21000 8470 0 0 21000
22000 2669 0 0 22000
17000 209 0 0 17000
---18
42000 14844 32130 1 42000
16000 2806 8116 1 16000
10000 1888 5335 1 10000
79000 11669 35431 1 79000
28000 2316 7911 1 28000
10000 8009 9760 1 10000
10000 898 3027 1 10000
58000 9983 29039 1 58000
34000 6704 18676 1 34000
90000 79163 88901 1 90000
96000 1341 0 0 96000
74000 26168 0 0 74000
34000 508 0 0 34000
57000 4765 0 0 57000
29000 966 0 0 29000
33000 1313 0 0 33000
12000 702 0 0 12000
49000 4088 0 0 49000
31000 1605 0 0 31000
58000 33577 0 0 58000
---19
98000 11300 36363 1 98000
42000 2325 8359 1 42000
20000 3726 10575 1 20000
56000 36962 52837 1 56000
50000 3286 11587 1 50000
69000 778 3044 1 69000
50000 29914 46125 1 50000
24000 690 2610 1 24000
16000 974 3465 1 16000
56000 4053 14114 1 56000
14000 1667 0 0 14000
20000 9814 0 0 20000
55000 268 0 0 55000
96000 49160 0 0 96000
63000 36149 0 0 63000
20000 1558 0 0 20000
46000 13794 0 0 46000
43000 3143 0 0 43000
19000 6488 0 0 19000
43000 2263 0 0 43000
---20
36000 8783 22616 1 36000
42000 6861 20266 1 42000
40000 39442 39954 1 40000
13000 2638 7277 1 13000
38000 1869 6799 1 38000
14000 2581 7350 1 14000
42000 8365 23224 1 42000
15000 4801 10940 1 15000
57000 14014 35974 1 57000
27000 1760 6212 1 27000
29000 5563 0 0 29000
90000 19313 0 0 90000
25000 1603 0 0 25000
31000 858 0 0 31000
18000 280 0 0 18000
29000 8050 0 0 29000
30000 14310 0 0 30000
10000 2696 0 0 10000
21000 2628 0 0 21000
38000 2899 0 0 38000
---21
17000 16 63 1 17000
22000 2542 8176 1 22000
14000 1269 4272 1 14000
94000 38020 76262 1 94000
23000 5132 13681 1 23000
16000 11361 15314 1 16000
10000 2704 6668 1 10000
27000 8981 20069 1 27000
35000 2405 8433 1 35000
18000 6549 13953 1 18000
19000 2535 0 0 19000
24000 13742 0 0 24000
30000 4673 0 0 30000
16000 6501 0 0 16000
18000 1906 0 0 18000
20000 2158 0 0 20000
89000 18335 0 0 89000
75000 1969 0 0 75000
12000 917 0 0 12000
90000 2569 0 0 90000
---22
93000 42804 79268 1 93000
16000 144 565 1 16000
46000 7170 21459 1 46000
21000 10280 18281 1 21000
88000 13897 41442 1 88000
31000 114 452 1 31000
20000 4278 11583 1 20000
96000 33701 73212 1 96000
67000 8804 27520 1 67000
20000 2305 7418 1 20000
16000 1235 0 0 16000
82000 43039 0 0 82000
78000 3408 0 0 78000
14000 8737 0 0 14000
87000 1668 0 0 87000
61000 12631 0 0 61000
51000 23138 0 0 51000
48000 3183 0 0 48000
45000 2068 0 0 45000
17000 4247 0 0 17000
---23
21000 2067 6859 1 21000
23000 9496 18815 1 23000
87000 37064 72056 1 87000
35000 1083 4079 1 35000
30000 19058 28070 1 30000
51000 15738 36514 1 51000
35000 557 2159 1 35000
89000 1684 6492 1 89000
60000 70 279 1 60000
56000 18255 41217 1 56000
31000 1202 0 0 31000
79000 55749 0 0 79000
28000 9473 0 0 28000
10000 439 0 0 10000
35000 5170 0 0 35000
71000 6230 0 0 71000
30000 1064 0 0 30000
48000 2424 0 0 48000
30000 988 0 0 30000
14000 9024 0 0 14000
---24
97000 30322 69908 1 97000
88000 25234 60611 1 88000
51000 11736 30924 1 51000
69000 27607 55730 1 69000
55000 580 2272 1 55000
36000 1466 5419 1 36000
14000 1648 5280 1 14000
53000 11974 31773 1 53000
17000 4811 11625 1 17000
12000 702 2509 1 12000
95000 32712 0 0 95000
31000 7805 0 0 31000
48000 3440 0 0 48000
11000 1293 0 0 11000
20000 1545 0 0 20000
56000 6545 0 0 56000
14000 9393 0 0 14000
21000 13716 0 0 21000
15000 423 0 0 15000
51000 5194 0 0 51000
---25
73000 26094 56137 1 73000
59000 15710 39002 1 59000
15000 2281 6872 1 15000
19000 3140 9244 1 19000
79000 16997 45926 1 79000
11000 777 2714 1 11000
16000 1504 5031 1 16000
57000 2358 8706 1 57000
71000 28128 57111 1 71000
10000 1148 3697 1 10000
25000 1377 0 0 25000
55000 4331 0 0 55000
22000 2302 0 0 22000
15000 12923 0 0 15000
13000 1558 0 0 13000
21000 6543 0 0 21000
48000 3616 0 0 48000
54000 8480 0 0 54000
15000 5948 0 0 15000
47000 17207 0 0 47000
---26
25000 4887 13653 1 25000
29000 7966 19508 1 29000
31000 2864 9610 1 31000
34000 22532 32106 1 34000
10000 227 868 1 10000
28000 5999 16234 1 28000
42000 20308 36413 1 42000
98000 74707 94948 1 98000
22000 2561 8224 1 22000
71000 2186 8236 1 71000
12000 3602 0 0 12000
88000 17491 0 0 88000
17000 1151 0 0 17000
23000 255 0 0 23000
29000 4938 0 0 29000
60000 750 0 0 60000
16000 3634 0 0 16000
84000 32037 0 0 84000
69000 11292 0 0 69000
12000 139 0 0 12000
---27
46000 40860 45488 1 46000
36000 10756 25345 1 36000
59000 5332 17958 1 59000
13000 519 1921 1 13000
10000 559 2007 1 10000
16000 4128 10387 1 16000
37000 18666 32525 1 37000
14000 1913 5924 1 14000
12000 1436 4584 1 12000
51000 16444 37333 1 51000
72000 18 0 0 72000
12000 2541 0 0 12000
26000 757 0 0 26000
12000 974 0 0 12000
84000 5480 0 0 84000
34000 5832 0 0 34000
10000 2144 0 0 10000
30000 2476 0 0 30000
31000 22384 0 0 31000
15000 1605 0 0 15000
---28
22000 2064 6907 1 22000
13000 3226 8249 1 13000
51000 4237 14464 1 51000
49000 10784 28897 1 49000
92000 43470 79139 1 92000
83000 1071 4177 1 83000
12000 1297 4228 1 12000
44000 14314 32352 1 44000
90000 14608 43228 1 90000
11000 1119 3691 1 11000
18000 17441 0 0 18000
26000 16755 0 0 26000
31000 1539 0 0 31000
36000 1570 0 0 36000
14000 730 0 0 14000
50000 3825 0 0 50000
34000 3619 0 0 34000
21000 529 0 0 21000
58000 32244 0 0 58000
25000 1223 0 0 25000
---29
18000 3729 10212 1 18000
25000 689 2612 1 25000
58000 10197 29472 1 58000
98000 9614 31923 1 98000
25000 9654 19893 1 25000
24000 10011 19713 1 24000
31000 39 155 1 31000
54000 18550 40764 1 54000
16000 133 523 1 16000
60000 926 3594 1 60000
20000 8268 0 0 20000
93000 2926 0 0 93000
19000 2377 0 0 19000
11000 3751 0 0 11000
46000 8329 0 0 46000
70000 1814 0 0 70000
16000 9299 0 0 16000
30000 10762 0 0 30000
10000 785 0 0 10000
27000 15735 0 0 27000
---30
11000 1650 4989 1 11000
19000 3556 10078 1 19000
10000 1466 4460 1 10000
72000 2621 9770 1 72000
17000 1563 5249 1 17000
17000 571 2140 1 17000
15000 5560 11725 1 15000
10000 7061 9561 1 10000
10000 6787 9489 1 10000
30000 10032 22357 1 30000
26000 9313 0 0 26000
21000 4023 0 0 21000
11000 2281 0 0 11000
11000 294 0 0 11000
36000 2909 0 0 36000
14000 5453 0 0 14000
42000 7089 0 0 42000
23000 251 0 0 23000
33000 5729 0 0 33000
13000 733 0 0 13000
---31
16000 3585 9542 1 16000
67000 17731 44136 1 67000
85000 48508 77464 1 85000
39000 9112 23869 1 39000
56000 4057 14126 1 56000
41000 20302 35826 1 41000
39000 4762 15136 1 39000
34000 13874 27683 1 34000
36000 5448 16436 1 36000
71000 1881 7146 1 71000
32000 2906 0 0 32000
58000 4845 0 0 58000
73000 32260 0 0 73000
67000 15110 0 0 67000
21000 6993 0 0 21000
17000 674 0 0 17000
48000 3927 0 0 48000
36000 6363 0 0 36000
55000 7823 0 0 55000
46000 9928 0 0 46000
---32
21000 2918 8999 1 21000
99000 28372 68166 1 99000
42000 1747 6447 1 42000
26000 1494 5350 1 26000
74000 41296 67030 1 74000
60000 1220 4690 1 60000
42000 574 2235 1 42000
39000 14257 30298 1 39000
15000 3425 9051 1 15000
10000 444 1630 1 10000
14000 3429 0 0 14000
19000 5142 0 0 19000
57000 30671 0 0 57000
31000 6956 0 0 31000
50000 18327 0 0 50000
20000 8357 0 0 20000
57000 1031 0 0 57000
14000 3706 0 0 14000
17000 3883 0 0 17000
75000 5331 0 0 75000
---33
35000 456 1778 1 35000
55000 29537 49279 1 55000
20000 428 1642 1 20000
27000 12507 23065 1 27000
15000 7311 13039 1 15000
27000 8207 19180 1 27000
59000 2762 10093 1 59000
46000 4659 15380 1 46000
28000 11273 22673 1 28000
15000 471 1772 1 15000
43000 3811 0 0 43000
91000 36580 0 0 91000
45000 6416 0 0 45000
31000 327 0 0 31000
45000 13080 0 0 45000
42000 785 0 0 42000
73000 10379 0 0 73000
34000 12453 0 0 34000
88000 11603 0 0 88000
16000 6369 0 0 16000
---34
69000 12153 35106 1 69000
16000 854 3082 1 16000
26000 323 1261 1 26000
34000 6497 18289 1 34000
22000 1257 4504 1 22000
45000 7916 22875 1 45000
40000 21950 36062 1 40000
75000 11410 34375 1 75000
73000 45740 68092 1 73000
13000 6701 11505 1 13000
77000 34242 0 0 77000
67000 52409 0 0 67000
31000 2420 0 0 31000
21000 1157 0 0 21000
14000 2503 0 0 14000
57000 863 0 0 57000
84000 13370 0 0 84000
67000 1334 0 0 67000
55000 1265 0 0 55000
17000 2288 0 0 17000
---35
12000 5126 9949 1 12000
87000 15122 43859 1 87000
24000 284 1110 1 24000
17000 9298 15312 1 17000
18000 1125 3991 1 18000
15000 2185 6658 1 15000
77000 29351 60932 1 77000
91000 14692 43542 1 91000
20000 2043 6733 1 20000
15000 9754 14107 1 15000
16000 451 0 0 16000
65000 33558 0 0 65000
10000 2319 0 0 10000
41000 1008 0 0 41000
39000 19335 0 0 39000
17000 1290 0 0 17000
88000 5749 0 0 88000
14000 2717 0 0 14000
51000 445 0 0 51000
19000 1821 0 0 19000
---36
37000 1352 5038 1 37000
73000 44410 67619 1 73000
66000 4821 16768 1 66000
25000 8253 18514 1 25000
38000 5873 17618 1 38000
11000 2484 6592 1 11000
37000 11955 27113 1 37000
12000 2214 6303 1 12000
52000 4145 14239 1 52000
18000 981 3533 1 18000
27000 2135 0 0 27000
10000 122 0 0 10000
26000 2046 0 0 26000
18000 6708 0 0 18000
20000 4326 0 0 20000
14000 12677 0 0 14000
33000 1248 0 0 33000
17000 6367 0 0 17000
11000 238 0 0 11000
20000 4615 0 0 20000
---37
21000 3280 9811 1 21000
85000 8835 29025 1 85000
21000 5710 14046 1 21000
20000 1527 5278 1 20000
21000 3431 10134 1 21000
13000 8365 12198 1 13000
41000 239 945 1 41000
28000 7477 18539 1 28000
82000 1395 5397 1 82000
10000 1628 4813 1 10000
78000 61414 0 0 78000
63000 5335 0 0 63000
93000 13181 0 0 93000
42000 12066 0 0 42000
21000 1061 0 0 21000
13000 1475 0 0 13000
12000 4342 0 0 12000
32000 5751 0 0 32000
84000 43944 0 0 84000
51000 93 0 0 51000
---38
83000 42649 73385 1 83000
38000 4883 15343 1 38000
11000 1845 5408 1 11000
18000 1249 4374 1 18000
16000 354 1356 1 16000
12000 1398 4489 1 12000
70000 805 3148 1 70000
27000 297 1162 1 27000
18000 488 1851 1 18000
43000 17027 34581 1 43000
52000 12985 0 0 52000
28000 790 0 0 28000
62000 38268 0 0 62000
77000 37109 0 0 77000
78000 25119 0 0 78000
14000 1797 0 0 14000
81000 6802 0 0 81000
18000 1398 0 0 18000
10000 5986 0 0 10000
64000 22282 0 0 64000
---39
22000 2595 8310 1 22000
80000 44030 72185 1 80000
61000 1755 6638 1 61000
17000 7268 14099 1 17000
47000 13042 31795 1 47000
10000 3531 7646 1 10000
52000 15585 36669 1 52000
40000 196 776 1 40000
11000 24 95 1 11000
65000 3884 13850 1 65000
39000 23949 0 0 39000
84000 33440 0 0 84000
61000 17623 0 0 61000
17000 547 0 0 17000
16000 1988 0 0 16000
98000 1533 0 0 98000
10000 2086 0 0 10000
81000 13605 0 0 81000
12000 1908 0 0 12000
43000 11572 0 0 43000
---40
14000 458 1719 1 14000
11000 3045 7431 1 11000
11000 719 2537 1 11000
24000 3298 10199 1 24000
36000 6830 19271 1 36000
10000 9681 9973 1 10000
15000 3790 9620 1 15000
11000 770 2693 1 11000
31000 59 235 1 31000
11000 2960 7315 1 11000
79000 31468 0 0 79000
39000 7613 0 0 39000
35000 1344 0 0 35000
48000 3176 0 0 48000
92000 17817 0 0 92000
33000 1493 0 0 33000
89000 70734 0 0 89000
44000 7618 0 0 44000
52000 9516 0 0 52000
41000 1964 0 0 41000
---41
96000 41586 80020 1 96000
11000 2706 6944 1 11000
33000 1568 5722 1 33000
22000 342 1327 1 22000
98000 23452 60857 1 98000
64000 19218 45176 1 64000
33000 781 2983 1 33000
42000 4235 13992 1 42000
21000 2509 8013 1 21000
11000 2908 7241 1 11000
49000 460 0 0 49000
25000 17166 0 0 25000
45000 9508 0 0 45000
13000 8119 0 0 13000
55000 2363 0 0 55000
76000 7087 0 0 76000
71000 25438 0 0 71000
16000 3558 0 0 16000
19000 5777 0 0 19000
87000 4932 0 0 87000
---42
24000 331 1288 1 24000
10000 1035 3402 1 10000
15000 10135 14221 1 15000
13000 2076 6171 1 13000
55000 1417 5391 1 55000
35000 12690 27090 1 35000
25000 2881 9272 1 25000
22000 1839 6272 1 22000
13000 4794 10138 1 13000
60000 4433 15394 1 60000
11000 1346 0 0 11000
13000 1578 0 0 13000
10000 5548 0 0 10000
10000 1598 0 0 10000
10000 768 0 0 10000
32000 21041 0 0 32000
20000 1928 0 0 20000
39000 4214 0 0 39000
43000 16688 0 0 43000
11000 1449 0 0 11000
---43
68000 23824 51810 1 68000
23000 10809 19748 1 23000
78000 14343 40880 1 78000
64000 21131 47401 1 64000
78000 13541 39288 1 78000
76000 9491 30017 1 76000
19000 1041 3747 1 19000
18000 1437 4935 1 18000
98000 16066 47407 1 98000
52000 910 3517 1 52000
27000 573 0 0 27000
14000 3983 0 0 14000
67000 2175 0 0 67000
31000 1113 0 0 31000
17000 1000 0 0 17000
26000 15699 0 0 26000
12000 4541 0 0 12000
12000 5660 0 0 12000
14000 1649 0 0 14000
21000 9368 0 0 21000
---44
18000 3346 9503 1 18000
43000 2007 7336 1 43000
24000 874 3257 1 24000
61000 18672 43491 1 61000
12000 3158 7879 1 12000
20000 13941 19077 1 20000
49000 3100 10981 1 49000
49000 39456 47863 1 49000
38000 426 1667 1 38000
37000 1017 3856 1 37000
22000 9742 0 0 22000
60000 936 0 0 60000
16000 2656 0 0 16000
67000 30833 0 0 67000
68000 10115 0 0 68000
10000 201 0 0 10000
11000 276 0 0 11000
33000 14211 0 0 33000
26000 3066 0 0 26000
27000 3510 0 0 27000
---45
19000 3873 10667 1 19000
53000 3122 11150 1 53000
56000 7963 24416 1 56000
80000 3332 12296 1 80000
37000 2661 9274 1 37000
13000 240 926 1 13000
45000 6198 19156 1 45000
79000 16851 45673 1 79000
96000 11365 36369 1 96000
64000 16062 40885 1 64000
23000 14771 0 0 23000
14000 3937 0 0 14000
10000 3179 0 0 10000
42000 21401 0 0 42000
16000 3076 0 0 16000
46000 17861 0 0 46000
50000 18963 0 0 50000
28000 6726 0 0 28000
64000 10809 0 0 64000
10000 225 0 0 10000
---46
92000 12132 37892 1 92000
34000 3355 11128 1 34000
10000 451 1653 1 10000
34000 18554 30604 1 34000
87000 35521 70853 1 87000
62000 26775 51619 1 62000
14000 3610 9086 1 14000
15000 2789 7921 1 15000
66000 4079 14489 1 66000
21000 982 3588 1 21000
78000 23260 0 0 78000
20000 428 0 0 20000
17000 1477 0 0 17000
18000 2842 0 0 18000
95000 3235 0 0 95000
11000 3996 0 0 11000
56000 21141 0 0 56000
48000 27108 0 0 48000
17000 3338 0 0 17000
49000 4192 0 0 49000
---47
27000 5605 15339 1 27000
54000 18721 40941 1 54000
24000 11581 20793 1 24000
15000 455 1715 1 15000
66000 12090 34500 1 66000
98000 8789 29640 1 98000
31000 6854 18335 1 31000
11000 2772 7044 1 11000
32000 2522 8678 1 32000
32000 11945 25092 1 32000
53000 2909 0 0 53000
52000 23726 0 0 52000
21000 1137 0 0 21000
30000 1664 0 0 30000
17000 4585 0 0 17000
81000 5152 0 0 81000
20000 17444 0 0 20000
18000 1021 0 0 18000
69000 11415 0 0 69000
39000 3353 0 0 39000
---48
17000 260 1009 1 17000
93000 29682 67733 1 93000
28000 2309 7891 1 28000
15000 1311 4439 1 15000
98000 9756 32309 1 98000
23000 8189 17655 1 23000
58000 15191 37982 1 58000
86000 13229 39736 1 86000
89000 29986 66567 1 89000
12000 1602 4988 1 12000
22000 3660 0 0 22000
82000 11562 0 0 82000
87000 62249 0 0 87000
27000 14617 0 0 27000
20000 2039 0 0 20000
18000 5302 0 0 18000
19000 5564 0 0 19000
45000 2368 0 0 45000
12000 2515 0 0 12000
63000 2384 0 0 63000
---49
